0.00685973609808 -3.43851275271e-07
0.00688247332774 -3.44992166479e-07
0.0462620220222 -1.89713727761e-06
0.0786962522497 0.000343902913609
0.108634175375 0.00145232014647
0.144666443737 0.00364978077613
0.167742814388 0.00590780345876
0.194078095135 0.00922143229376
0.232478237608 0.0155455702269
0.260965827898 0.0218809923177
0.286592282635 0.0287580013422
0.321628110786 0.0400774532575
0.363547134841 0.0557867534812
0.405701845392 0.073827679017
0.444642336944 0.0923184654669
0.482671540172 0.110623959742
0.512526027997 0.126567532055
0.564421085465 0.15644964924
0.606892895674 0.184651378942
0.650075789161 0.215226838767
0.696235394645 0.251850136518
0.736017751561 0.284966116415
0.765512909019 0.311352917051
0.789794366291 0.333171701987
0.827408956278 0.368644444436
0.860309361293 0.399627273435
0.890396943666 0.428955962099
0.919853006074 0.457499508552
0.971836007339 0.508803580358
1.01907285631 0.555457153623
1.04713725895 0.583407807234
1.09530385583 0.63143643467
1.13617571663 0.672263763804
1.16926548088 0.705287096743
1.21743511229 0.753423423107
1.25902821423 0.794950065533
1.3224959818 0.85835227805
1.35776138234 0.89358259242
1.40731184217 0.943057395588
1.47106178442 1.00666029754
1.51355811638 1.04904037786
1.55611502558 1.09138345334
1.5916464467 1.12662613696
1.65563176405 1.19003460946
1.69828020629 1.23228883033
1.76224029012 1.29564632669
1.80490655976 1.33787395418
1.84048273636 1.37307910574
1.87603410123 1.40825489514
1.92583986968 1.45749882249
1.97563436614 1.50672709818
2.03966394358 1.57002590879
2.08234712946 1.61220918306
2.13222058926 1.66140807245
2.18213615619 1.71051404838
2.22498351487 1.75249031023
2.26786833154 1.7944659955
2.33085621916 1.856131242
2.38013461157 1.90437046798
2.43021922239 1.95336211753
2.49375883937 2.01550901867
2.52907529931 2.05006571711
2.57960573539 2.09974171468
2.61761936864 2.13827080563
2.66196948587 2.18586570332
2.70560510817 2.23922026842
2.73479840294 2.28182456416
2.74705986821 2.30260433459
2.7712918147 2.34953012454
2.7897778924 2.39446834879
2.80732829446 2.44950391523
2.81567350823 2.48457202107
2.82126524281 2.51707903833
2.82847418043 2.56878156855
2.8328728979 2.62798967342
2.83496557068 2.67998844834
2.83496210345 2.72722103007
2.83416548768 2.78638821089
2.8318465838 2.83296647408
2.83008798343 2.87183560433
2.82666062991 2.92821946976
2.82356577037 2.97591600992
2.81969299088 3.03590018815
2.81674257811 3.08574006609
2.81365303129 3.14565773227
2.81124472343 3.20565809915
2.80938289475 3.275552219
2.80862188379 3.33551524707
2.80850431371 3.38551014335
2.8090819983 3.44556958445
2.81085565475 3.49569394695
2.81425038671 3.54565188174
2.81839570746 3.59574404352
2.82161544156 3.63713550953
2.82378726936 3.6708379203
2.82699970178 3.72992419997
2.82814700203 3.76095886781
2.82942012233 3.8006687906
2.83040654298 3.85486396636
2.83071558187 3.88497386489
2.83076095765 3.92806914346
2.83044672363 3.99096158856
2.82995674869 4.02926509418
2.82908227821 4.08200312799
2.8279634636 4.14023669741
2.82678302324 4.19863210772
2.82534913521 4.26850185107
2.82413255605 4.32849505758
2.82321298483 4.37851228693
2.82217858227 4.44697695954
2.82165731455 4.49694176092
2.82139975188 4.53841330658
2.82130326977 4.61842862378
2.8214793656 4.66841354526
2.82183564637 4.72841557366
2.82233037955 4.78845947408
2.82297404773 4.85844715594
2.82358271152 4.9184389319
2.82411954463 4.96845568191
2.8246709242 5.01844966616
2.82522683124 5.0684547261
2.82589360198 5.1284634925
2.82666767027 5.19842481888
2.82750053232 5.25844420105
2.82898830248 5.30839626374
2.83071744305 5.36151653342
2.83225409555 5.41611272104
2.83287272932 5.44221582853
2.83380946268 5.48750452658
2.83478812604 5.54935307516
2.83536532649 5.60528675927
2.83569333069 5.65997391064
2.8358493185 5.70717684637
2.83594547785 5.77293786308
2.8359682172 5.83101699874
2.83595896873 5.88843743617
2.83594560504 5.93952190979
2.83592719705 5.99949667277
2.83591550339 6.06950599061
2.83590922079 6.11951993276
2.83590424407 6.1795178633
2.83590547705 6.22950541512
2.83591010823 6.27948122601
2.83592287306 6.33949030454
2.835945252 6.38947858477
2.83600367762 6.45949759233
2.83615603594 6.539504646
2.83633844418 6.58951017206
2.8366428511 6.65951725246
2.83688634318 6.70931498475
2.83721945753 6.77908299266
2.83745987188 6.82865366629
2.83783040846 6.90811757304
2.83805333609 6.95677754059
2.83834879232 7.0139300789
2.83961888608 7.06241039766
2.84137781824 7.12061719595
2.842413743 7.16143282438
2.84320989766 7.20355866481
2.84392025926 7.25639434239
2.84420869679 7.29846784949
2.84435466193 7.36016675115
2.84425748437 7.40550462052
2.84390216481 7.48093377551
2.84352970566 7.53842326959
2.84312428522 7.59673180026
2.84251116698 7.68487256902
2.84217061987 7.73484029144
2.84176776486 7.79478560244
2.84146553781 7.84479686683
2.84120096619 7.89478905753
2.84096426591 7.97480245356
2.84093285242 8.06481231621
2.84106070818 8.11483100983
2.84121542345 8.15483585645
2.8414724387 8.20483365331
2.84175036918 8.25484006786
2.84212394042 8.31484849545
2.84250145964 8.37335742724
2.84293232096 8.43463653545
2.8432123473 8.47441225526
2.84364511743 8.5343901522
2.84400443181 8.58349448773
2.84462868106 8.67167274043
2.84497370973 8.7204372181
2.84577655123 8.78910608735
2.84790585488 8.8390831605
2.85050157736 8.87813857659
2.85236499569 8.90715380446
2.85536834762 8.95949733286
2.85696538506 8.9994013545
2.85871807404 9.06460875118
2.85908714088 9.11733691061
2.85867980549 9.17392217993
2.85800637288 9.21228846982
2.85649777225 9.27750026898
2.85417566025 9.35933654435
2.85233782687 9.41896779925
2.85080460626 9.46857881989
2.8494833323 9.51047217577
2.84687883509 9.57398816278
2.84057433447 9.64698495761
2.82850745451 9.70714332887
2.80761762327 9.77313182577
2.79855025417 9.79480826336
2.77210726183 9.84613549193
2.74853369034 9.88114049734
2.71807064228 9.92096582268
2.69665628908 9.94425044859
2.65630068134 9.98716905939
2.63220775162 10.0107457016
2.60361450087 10.0382418863
2.56205517065 10.0769439409
2.52622263529 10.1099012412
2.47547875454 10.1561455077
2.43151049307 10.1962077953
2.39452607003 10.2298933788
2.34283987577 10.277086575
2.28384654084 10.3313464969
2.24725556693 10.3653352201
2.21077831305 10.3995668345
2.16726106266 10.4408592139
2.13115614195 10.475490605
2.0951952864 10.5102686808
2.0521677411 10.5521697912
2.01641052121 10.5872183638
1.98071542322 10.6223139029
1.93797992621 10.6644108249
1.90238329121 10.6995619608
1.86681729661 10.7347489506
1.8257617216 10.7764380351
1.79397437251 10.8096173098
1.74914543011 10.8564136922
1.71286868769 10.8935136117
1.69201866432 10.9146384158
1.66131269267 10.94531139
1.62179712626 10.9845368888
1.57663332136 11.0289512887
1.53577908776 11.0690011081
1.48884096535 11.1147503828
1.46155754976 11.1413158291
1.41203249568 11.1894843305
1.36952511831 11.2308233832
1.31933860676 11.2796379619
1.29064516113 11.3075527664
1.24051104595 11.3563396953
1.17603626714 11.4191760508
1.13310644793 11.4610829849
1.09021886573 11.5030740596
1.04022714922 11.5521047721
1.00453919539 11.5871242764
0.961756509269 11.6292164888
0.92617024226 11.6643923566
0.876424269995 11.7136188114
0.812469557343 11.7769178708
0.776914752669 11.8121211472
0.712983973969 11.8755145177
0.670441275586 11.9178398416
0.635018160026 11.9530936429
0.571526499553 12.0168811752
0.538738684006 12.0516627702
0.499836456281 12.0932503801
0.462677655142 12.1323379888
0.429302711042 12.1664864469
0.389940041296 12.2058778232
0.339902138217 12.255036869
0.277669051978 12.3154386545
0.25001336312 12.3422171912
0.207857926505 12.3829978275
0.159056129213 12.4302074511
0.108734509575 12.4789244842
0.0656583493869 12.5206422191
0.00107080226204 12.5833706616
-0.063395846318 12.6462351367
-0.113375104227 12.6953523246
-0.148969822178 12.7304508554
-0.213027795384 12.7936495604
-0.251326002768 12.8313803786
-0.295000892959 12.8731462184
-0.337581183018 12.9104771787
-0.400460249446 12.9565261482
-0.45712677831 12.9889393278
-0.502340826484 13.0093745147
-0.542141250644 13.0231944974
-0.57656740168 13.0324481708
-0.623975299562 13.0414644412
-0.668104102728 13.0475507436
-0.720423161489 13.0505014641
-0.776963601126 13.051356845
-0.80856314061 13.050282043
-0.84954540245 13.0487223948
-0.900950835376 13.0455492271
-0.964321371323 13.0415225238
-1.02400358807 13.0367756945
-1.08389591965 13.0318810581
-1.14366591288 13.0270731208
-1.18351015616 13.0240743979
-1.23344734538 13.0207242045
-1.29332100621 13.0174439236
-1.34322593608 13.0153798938
-1.39320670671 13.0138849412
-1.45315287282 13.0127656874
-1.5031323601 13.0123045689
-1.56308733614 13.0122329864
-1.61308349169 13.0125882507
-1.6731872607 13.0147231144
-1.7332730626 13.0183266251
-1.81168144889 13.0230284186
-1.85311223303 13.0247921941
-1.93387781871 13.0269931339
-1.97253000247 13.0272312409
-2.02135999181 13.0272096055
-2.0568578574 13.026846929
-2.09281745217 13.0263983728
-2.14389568804 13.0254782886
-2.18547282549 13.0245398913
-2.24422667114 13.022965296
-2.30394959817 13.0213082506
-2.35392865979 13.0199172604
-2.42391671432 13.0179853437
-2.46390559476 13.0169010104
-2.53389423746 13.0150943024
-2.57387404795 13.0141538936
-2.61386428803 13.0133000572
-2.67382849079 13.0122413428
-2.73380037185 13.0114743695
-2.80380714088 13.010895157
-2.86380395286 13.01062922
-2.92380182138 13.0105076017
-2.963806878 13.0104799277
-3.00383613088 13.0104619099
-3.03382168479 13.0104502621
-3.08380390405 13.0104287721
-3.11381009027 13.0104195046
-3.16379919033 13.0104041959
-3.23381142662 13.0103901991
-3.29378098971 13.0103749283
-3.35376057133 13.0103601638
-3.40374743219 13.0104497077
-3.45183560199 13.0117690224
-3.50973777229 13.0136369432
-3.55112146567 13.014687202
-3.60260569703 13.0155985561
-3.64278168825 13.0160520246
-3.680923833 13.0162441059
-3.72475209432 13.016270006
-3.77940339364 13.0160184681
-3.82598682065 13.0155797736
-3.89071736777 13.0147245775
-3.95594261131 13.0136574754
-4.01294613717 13.012622963
-4.08317189601 13.0113067114
-4.1731796381 13.009625298
-4.22318476159 13.008702432
-4.28317279902 13.0076364033
-4.34316806896 13.0066107281
-4.39318085849 13.0058185723
-4.44315580819 13.0051304883
-4.49316582717 13.0045476396
-4.55316257853 13.0039763222
-4.60316849566 13.0035853225
-4.66317247694 13.0032207797
-4.73317199778 13.0029270514
-4.79318405268 13.0028090741
-4.83318796691 13.0027757741
-4.88319911795 13.002758875
-4.95318340756 13.0027354208
-4.99318580353 13.0027205926
-5.04318145679 13.0027030588
-5.09316014334 13.0026915209
-5.16171303876 13.0029416803
-5.22331508679 13.0045658603
-5.27716912013 13.0075518459
-5.32746099839 13.0100828327
-5.3798549058 13.0121120441
-5.41771518632 13.0129502106
-5.47205188698 13.0135453022
-5.51209217973 13.0133713211
-5.58170440366 13.0122130233
-5.6295874782 13.0108650344
-5.68565420513 13.0090912542
-5.74261778595 13.0070822861
-5.79256978495 13.005292282
-5.86249788212 13.002858982
-5.92243587275 13.0011023743
-5.97238705399 12.9999269202
-6.03236213064 12.9988475613
-6.10235016975 12.9979820186
-6.1423093476 12.9976552364
-6.19231483434 12.9973567584
-6.24233210773 12.9971532856
-6.30232862034 12.9969998182
-6.35233221524 12.9969251508
-6.42233314189 12.9968968923
-6.48233794694 12.9968844887
-6.54234041314 12.9968784398
-6.61233854176 12.9968730665
-6.67232158565 12.9968649126
-6.72137311262 12.9968444745
-6.76872787943 12.9966891973
-6.81846190175 12.9965276535
-6.87847247346 12.9964538796
-6.95707968769 12.9977442946
-6.98617437947 12.9989517262
-7.03330533788 13.000998712
-7.08426959638 13.0027502751
-7.14322233786 13.0039729194
-7.18335841898 13.00444436
-7.215254163 13.0046056701
-7.2783650763 13.0046361954
-7.3231395114 13.0044311293
-7.37580201432 13.0039821959
-7.44197375077 13.0032045364
-7.50194303583 13.0024760555
-7.56197683389 13.0017419419
-7.6319162872 13.0008888463
-7.69189090861 13.0002222616
-7.75183793346 12.9998305079
-7.8218004251 12.9998336485
-7.88176135644 13.0001743296
-7.94170793513 13.0009444272
-7.98384079181 13.0018451055
-8.04067596172 13.0028339679
-8.09419293412 13.003910341
-8.14207768438 13.0044457514
-8.18294665086 13.0045031178
-8.2570159155 13.0031545982
-8.2963725491 13.0014606624
-8.35493964397 12.9981856992
-8.407211169 12.9946608345
-8.4512210791 12.9915181208
-8.53115034215 12.9859806742
-8.60104473215 12.9826553813
-8.66100913194 12.980336514
-8.73098952015 12.978453433
-8.80093992982 12.9771605164
-8.88097129486 12.9758461811
-8.94092415666 12.9748617118
-9.01091158081 12.973709133
-9.06090761641 12.9728948796
-9.14089017862 12.9716337967
-9.19088708631 12.9709572621
-9.28088567257 12.9704955406
-9.37092993274 12.9720731377
-9.46088976071 12.9738817021
-9.55084302252 12.9757706534
-9.6407816765 12.9783222436
-9.73078329677 12.9825472361
-9.8006958555 12.9880662002
-9.84855545026 12.9925685843
-9.91612580405 12.9989915395
-9.96768145549 13.0034822508
-10.0062907819 13.0064560282
-10.0510768321 13.0096357012
-10.1103418534 13.0130780911
-10.1617125692 13.0153521904
-10.2142187425 13.0167910849
-10.2729153356 13.0174967933
-10.330136588 13.0174410085
-10.4103557752 13.0162744124
-10.4451988996 13.0155069802
-10.4949357323 13.0141727672
-10.5478488686 13.0118730059
-10.5913328094 13.0088429935
-10.6640823882 12.9974940408
-10.7174841378 12.9824306677
-10.7658675559 12.9629723024
-10.8059682573 12.9418708062
-10.8379219749 12.9224183909
-10.873384791 12.8966269356
-10.9206642827 12.8586943775
-10.9534034493 12.828449779
-10.9981711745 12.7860240695
-11.039368849 12.743491867
-11.0688266295 12.7134688369
-11.1018873255 12.6785548967
-11.1420592732 12.6360423461
-11.1832125187 12.5924022217
-11.2312694259 12.5414726925
-11.2793847865 12.4905984446
-11.3138767717 12.4542880166
-11.3553669075 12.4108969546
-11.3901370581 12.3748229268
-11.4249763431 12.3389464594
-11.4880904457 12.274632839
-11.5303440721 12.2319266447
-11.5656802638 12.1964086709
-11.608116016 12.1539030011
-11.6505863108 12.1114615449
-11.7001562462 12.0619923119
-11.7355856656 12.0267428285
-11.77867016 11.9849061971
-11.8196311338 11.9462437848
-11.8683382259 11.9003226774
-11.8984560777 11.8713756766
-11.9450790446 11.8257866763
-11.9775920647 11.7933643485
-12.019211809 11.7514880402
-12.0529756549 11.7173214203
-12.1138445174 11.6555719484
-12.1484660079 11.6203384219
-12.1966064463 11.5713401328
-12.2246674163 11.5427696977
-12.2592780523 11.5075369316
-12.3012665791 11.4648095253
-12.3502651283 11.4149403092
-12.3853146386 11.379277786
-12.4554206494 11.3079701648
-12.4975199163 11.265200427
-12.5607708438 11.2010992241
-12.610023669 11.1513262253
-12.6523263914 11.1087596872
-12.6876711501 11.0733654237
-12.7514098165 11.0097207287
-12.8010339685 10.9602785458
-12.8365137713 10.9249780654
-12.8648944875 10.8967768139
-12.9145677858 10.8474494353
-12.9784613567 10.7841212056
-13.0428547644 10.7212844005
-13.0816407185 10.6849002039
-13.144305166 10.6258440448
-13.1748075781 10.5966287884
-13.2235351774 10.5490041531
-13.2558857503 10.5168420535
-13.2930178928 10.479566852
-13.3273758438 10.4448819522
-13.3881569909 10.3832720854
-13.434628508 10.3360251856
-13.4698717378 10.300182216
-13.504421986 10.2650356562
-13.5659374432 10.2024610365
-13.6290698156 10.1382757027
-13.685176415 10.0812471805
-13.7413136355 10.0242117632
-13.7975372658 9.96726070677
-13.8469004893 9.91755438765
-13.8902339159 9.8740886998
-13.9280953984 9.8344672668
-13.9713323793 9.78259191738
-13.9943603119 9.74810140736
-14.01991888 9.6993702673
-14.0310945666 9.67192414484
-14.0413272938 9.63983085102
-14.0527244325 9.59290925058
-14.0577128638 9.55983250062
-14.0630465329 9.5115809271
-14.0664406342 9.45552214468
-14.0667965098 9.4152296904
-14.0669898722 9.37564707382
-14.0657763678 9.32910054176
-14.0650113548 9.29038180195
-14.0634056112 9.2485212084
-14.0614793312 9.19711077168
-14.0592693164 9.14892126001
-14.0569715849 9.1005808476
-14.054103277 9.04062859488
-14.0513970533 8.98075391822
-14.0501617585 8.95074049767
-14.0486858692 8.91077066742
-14.0469007295 8.85082335638
-14.0456462914 8.79090644973
-14.0449004766 8.7309317122
-14.044521122 8.6609365845
-14.0444846777 8.61093563658
-14.0452229706 8.54088247688
-14.0465630666 8.50102049593
-14.0481026575 8.45711150579
-14.0490853813 8.4280054469
-14.0505341249 8.37447910378
-14.0517273097 8.32245329892
-14.0525885799 8.26095250614
-14.0530097688 8.2097097839
-14.0531018102 8.1476317021
-14.0530540724 8.11179149221
-14.0528578812 8.06574626194
-14.0525621116 8.00742787361
-14.0521434045 7.94049961731
-14.0517705797 7.88130415582
-14.0513136117 7.81205853056
-14.0509198129 7.75251834521
-14.0505223605 7.69251151022
-14.0501963821 7.64251490473
-14.0498731787 7.59250780497
-14.0493000656 7.50249617621
-14.0489357359 7.44248990471
-14.0485948368 7.38399778243
-14.0482430597 7.32246190375
-14.0479170561 7.26245749632
-14.047586229 7.19247587138
-14.0474299506 7.15244724848
-14.0472725252 7.10245362791
-14.0471409106 7.03244806042
-14.0471084534 6.98242919037
-14.0471200963 6.92241539852
-14.0471846606 6.87242676302
-14.0473255149 6.83241816104
-14.0492061008 6.76232317149
-14.0515878913 6.72666310997
-14.055652419 6.66975505724
-14.0579648048 6.63024975277
-14.0593309347 6.59893088872
-14.0610673368 6.54593339183
-14.0619469381 6.50234056619
-14.0624430658 6.45446580996
-14.0624535991 6.41560916902
-14.0621744018 6.37242998169
-14.0613835722 6.31325699318
-14.0601794828 6.25588428498
-14.0585496687 6.18773719548
-14.0569914137 6.12781061129
-14.0554283756 6.06778482451
-14.0544131813 6.02780679561
-14.0527757711 5.95780716816
-14.0517382317 5.90784004656
-14.0507029289 5.84787698641
-14.049958576 5.78790246197
-14.0495563747 5.73790701265
-14.0493323683 5.67790664143
-14.0492761372 5.62788550127
-14.0493479103 5.55790210486
-14.0494338682 5.51789558506
-14.0495786741 5.46788816214
-14.0497686206 5.41787711809
-14.0500144946 5.35786913975
-14.0502293451 5.30785453409
-14.0504815877 5.24787896487
-14.0507794276 5.17786996721
-14.0510868804 5.10787436408
-14.051396446 5.05786556721
-14.0532901879 4.99785217301
-14.055344419 4.95752936153
-14.0572451623 4.91845419437
-14.0591435908 4.87141332694
-14.060169945 4.8327019332
-14.0609571174 4.79335992823
-14.0614857209 4.74072466182
-14.0615489945 4.69690994656
-14.0608393904 4.62866632932
-14.0599949504 4.58567662463
-14.0586784878 4.52992041875
-14.0569096463 4.4600870845
-14.0554297256 4.40009873439
-14.053831959 4.33008811214
-14.0529261088 4.29015274416
-14.0514589968 4.22016895634
-14.0506005218 4.1602320155
-14.0501680428 4.10028862971
-14.050097278 4.03031054417
-14.0502382763 3.99032974072
-14.0505558791 3.94034382915
-14.0512900699 3.85033485817
-14.0517752992 3.7915179843
-14.0521710067 3.74233020315
-14.0527305306 3.67323034489
-14.0530492382 3.63354268816
-14.053438853 3.58461354917
-14.0538221053 3.53565978303
-14.0542600837 3.47866916415
-14.0546056513 3.43089787693
-14.0550105949 3.37425708461
-14.0553043756 3.32609199978
-14.055725463 3.26581313749
-14.0574947808 3.21578762282
-14.0595716844 3.1748330874
-14.0614124076 3.1333710376
-14.0631739546 3.08510267908
-14.0642265302 3.04331163657
-14.0650151528 3.00107506142
-14.0655953208 2.95138287666
-14.0658391894 2.89666822078
-14.0657543864 2.8498103588
-14.0654167056 2.80097425632
-14.0644008387 2.70386439917
-14.0637448305 2.64386762474
-14.0630965558 2.58384226554
-14.0624757548 2.52385798684
-14.0618666693 2.44388489261
-14.0618287825 2.35397614864
-14.0624612551 2.27401537744
-14.0632959274 2.21653240878
-14.063787766 2.1533757194
-14.0637177267 2.09229616565
-14.0631739453 2.03525106143
-14.0620040751 1.96581359169
-14.0594076561 1.891699626
-14.055442213 1.81839332008
-14.0529786133 1.77939823477
-14.0485023112 1.68965315012
-14.0460104894 1.62975670258
-14.0431636489 1.53978183253
-14.0419677838 1.47982542654
-14.0417432688 1.38985317392
-14.042486702 1.3198660659
-14.0439660632 1.21982060099
-14.0455845655 1.12982237298
-14.0469471511 1.04982709772
-14.0484515552 0.959858294808
-14.0497023635 0.889877700051
-14.0513288858 0.81990257671
-14.0528224493 0.759896734714
-14.0546961229 0.689937734074
-14.0580842116 0.600022461331
-14.0624778884 0.520183784922
-14.0693408301 0.430314979793
-14.0793006074 0.340626800971
-14.0857197542 0.296668972863
-14.0956159007 0.230228322716
-14.1018886559 0.185650786198
-14.1086102076 0.131049458218
-14.1147147396 0.0722596605977
-14.1182509929 0.0278014861696
-14.1218388599 -0.0358985590923
-14.1209303408 -0.0706435932879
-14.1149387079 -0.102434890995
-14.1051584576 -0.132356287649
-14.0949997893 -0.154026378263
-14.0748960049 -0.185248502508
-14.0595789952 -0.204541873976
-14.0252549965 -0.239076157813
-13.982660998 -0.273218942562
-13.9631310136 -0.285112425013
-13.945141438 -0.295475174136
-13.9082618112 -0.312329742845
-13.8827350971 -0.32051446988
-13.8566404152 -0.327730631315
-13.8062518397 -0.338336504785
-13.7638022032 -0.343741771225
-13.7129980833 -0.348612555853
-13.6731642669 -0.350058808496
-13.6281965676 -0.351640319499
-13.5719808357 -0.351410818334
-13.542043625 -0.351343537554
-13.4799948074 -0.349344911428
-13.4375361977 -0.348114413383
-13.3623232871 -0.344720005868
-13.3335626101 -0.343405656725
-13.2638846559 -0.339957970683
-13.213862376 -0.337504261886
-13.1740314527 -0.335676018674
-13.1140290384 -0.333319332733
-13.0440102655 -0.331216424049
-12.984033384 -0.330205550649
-12.9239023138 -0.330979831127
-12.8737441011 -0.332897731318
-12.8174301382 -0.335337836174
-12.7769240371 -0.336643224931
-12.7271881779 -0.338209230885
-12.6705366458 -0.339035070707
-12.6121163576 -0.339533828248
-12.5668249873 -0.33912699168
-12.5200147032 -0.338521417319
-12.4580632474 -0.337090031963
-12.4019509515 -0.335536356221
-12.3643019897 -0.334217738692
-12.318258312 -0.332546126746
-12.2708126327 -0.330714599452
-12.223905738 -0.328874383023
-12.1542151563 -0.326094462519
-12.0942950937 -0.323703398082
-12.0343214043 -0.321315253259
-12.0043239818 -0.320123554488
-11.954379572 -0.318181493359
-11.894389026 -0.315890968857
-11.8444528153 -0.314068297457
-11.7944863403 -0.312546064466
-11.7345293223 -0.310897470346
-11.6745614454 -0.30933338443
-11.6245677444 -0.308108048401
-11.5746036717 -0.307175918151
-11.5166124789 -0.306175644752
-11.467154311 -0.305354740831
-11.4072576888 -0.304640534288
-11.3630593973 -0.304241995231
-11.296154993 -0.30360999214
-11.2360391877 -0.303311062924
-11.1659228376 -0.304208684243
-11.1147761864 -0.306222800046
-11.0701160029 -0.307945503546
-11.0304222964 -0.309146873586
-10.9834813555 -0.310005837938
-10.9588983449 -0.310269588592
-10.9213864519 -0.310487696744
-10.8776591883 -0.310459904603
-10.8377164059 -0.310139037917
-10.7919500071 -0.30946069846
-10.7414711771 -0.308428237895
-10.6982316365 -0.307292476957
-10.6548405607 -0.305974211032
-10.6256764753 -0.30503002035
-10.5677123013 -0.30309770651
-10.5175641555 -0.301417267155
-10.4575937001 -0.299414759224
-10.4075995225 -0.297748527703
-10.3476486947 -0.295757955953
-10.2791663192 -0.293508368681
-10.2276743302 -0.291881282466
-10.1691973414 -0.290163298644
-10.1176879059 -0.288788265616
-10.0676713709 -0.287579577586
-10.0077041305 -0.286261887343
-9.95768472722 -0.28519036101
-9.91718105179 -0.284201957124
-9.87165820246 -0.282153167659
-9.83447771373 -0.279649705313
-9.79846487327 -0.276605189814
-9.76479415198 -0.273239197561
-9.72448015175 -0.269072234404
-9.67649633129 -0.263964997722
-9.58797456356 -0.255838989783
-9.54802250372 -0.254273419997
-9.51799169244 -0.254821388029
-9.46813421175 -0.259367352224
-9.4088648307 -0.269426077427
-9.36009263638 -0.280292624688
-9.31175768845 -0.293396348053
-9.25399676979 -0.309867487151
-9.22515575994 -0.31813066811
-9.17708779482 -0.331988652988
-9.14825788105 -0.340555635381
-9.09089129315 -0.35848256006
-9.03533938792 -0.377059813081
-8.98681882039 -0.394346679133
-8.94939086998 -0.408467265766
-8.89368532749 -0.430828565159
-8.84769760838 -0.450556036689
-8.78408409941 -0.479914467104
-8.74061508926 -0.501468719387
-8.69491409531 -0.525317676067
-8.64215294565 -0.55403245766
-8.58097780809 -0.588023624584
-8.52886658145 -0.61792727665
-8.49439161727 -0.638313798835
-8.4346658177 -0.674943209368
-8.39246890289 -0.701826658334
-8.35065831639 -0.72933146537
-8.30927375821 -0.75746373764
-8.27649002883 -0.780453915871
-8.22787978649 -0.815737545452
-8.17190968952 -0.857970399134
-8.12459955155 -0.895060932589
-8.07803080096 -0.933004271973
-8.02473022064 -0.978467584192
-7.98003857303 -1.01851843642
-7.93624102572 -1.05950994608
-7.90024326027 -1.09419832079
-7.86462173495 -1.12928733493
-7.82222286654 -1.17173204509
-7.78707541421 -1.20733617768
-7.74506491463 -1.25015206633
-7.71039879494 -1.28551478913
-7.66861974511 -1.32808722045
-7.62315635459 -1.3744784553
-7.58247146054 -1.4157662463
-7.54540149776 -1.45337755392
-7.49888840884 -1.49997020955
-7.46296710025 -1.53589536025
-7.43105343131 -1.56736874561
-7.39298093521 -1.60481935511
-7.36000408428 -1.63699748208
-7.32017242186 -1.67576815409
-7.27110038891 -1.72330916284
-7.23640179353 -1.75685662285
-7.19439738135 -1.79734287807
-7.15275024348 -1.83745063736
-7.11063875995 -1.87792800203
-7.07483483887 -1.91233928745
-7.02460115363 -1.96061855778
-6.99588987251 -1.98821145781
-6.96032927625 -2.02245294323
-6.91047116242 -2.0716731233
-6.88231961245 -2.10008755591
-6.84491892328 -2.13848610671
-6.81062278828 -2.17303228147
-6.77408116045 -2.20906464726
-6.75027589873 -2.23199199009
-6.7121372072 -2.26830472295
-6.65859910535 -2.318776978
-6.61581852045 -2.35889618447
-6.57393598273 -2.39808156929
-6.50079081389 -2.46649848481
-6.46425893239 -2.50068406544
-6.42049483629 -2.54170596803
-6.38401824369 -2.57594247296
-6.34760981048 -2.6101678643
-6.30398043051 -2.65135377412
-6.26766255112 -2.68576504081
-6.22415811668 -2.72715447461
-6.17362908069 -2.7756116816
-6.13043679722 -2.81721290735
-6.08730363324 -2.8588804783
-6.03704328097 -2.90761277414
-5.99401348617 -2.94940603608
-5.92947100099 -3.01211686747
-5.88645623862 -3.05394997678
-5.85060901764 -3.08882700275
-5.80762559084 -3.1307000462
-5.77180415589 -3.16560713642
-5.73600814681 -3.20051058516
-5.66442573567 -3.27031752573
-5.62869260812 -3.30527550653
-5.57971481179 -3.35452830496
-5.5466513113 -3.38791968422
-5.50580655913 -3.42885183423
-5.4751925498 -3.45921748631
-5.44487979563 -3.48899384388
-5.39999524937 -3.53267341543
-5.33970780757 -3.59075089638
-5.27686434721 -3.65076493652
-5.22746872017 -3.69786690487
-5.19163201814 -3.73202794594
-5.12810331734 -3.79254175799
-5.07743133685 -3.84081928046
-5.04127029477 -3.87537022287
-4.97623769019 -3.93763201147
-4.91124800071 -3.99987801733
-4.84629445092 -4.06218130754
-4.79592489387 -4.11080967244
-4.75043998835 -4.15467847608
-4.70555292722 -4.19454190066
-4.65008527343 -4.2362259719
-4.60091837929 -4.26518537011
-4.56343455973 -4.28311792701
-4.51488119257 -4.30180338443
-4.47665434171 -4.31303271556
-4.43744464039 -4.32197125385
-4.39861588081 -4.32802410098
-4.34882623359 -4.33339450458
-4.30840588522 -4.33499964647
-4.26071773479 -4.33551063347
-4.21674209126 -4.33398403129
-4.18475443579 -4.33263727038
-4.14100545419 -4.3293164397
-4.0903500608 -4.32565089952
-4.02893620059 -4.31964561511
-3.99300615676 -4.31613461996
-3.90362171289 -4.30716968689
-3.83386376167 -4.30079958079
-3.76411323322 -4.29560873665
-3.69419349287 -4.29173836884
-3.64420510963 -4.28974216859
-3.5743146929 -4.287772904
-3.48431566829 -4.28579448854
-3.39430098683 -4.28405373106
-3.32431131724 -4.28293157307
-3.23614645308 -4.2833271476
-3.18766665036 -4.28374046109
-3.10650504632 -4.28387637888
-3.04212542912 -4.28373116413
-2.96341136722 -4.2832027221
-2.89256838695 -4.28233606983
-2.82376153927 -4.28127116111
-2.74494873238 -4.27997339296
-2.65497563123 -4.27806470618
-2.58501115977 -4.27653215697
-2.53606869952 -4.27545822361
-2.46368382368 -4.27374883215
-2.42365267385 -4.27266850583
-2.35602092079 -4.27077945154
-2.27639611687 -4.26854494188
-2.1766990824 -4.26575306207
-2.10671001442 -4.2638029667
-2.03673922412 -4.26187632868
-1.97675700469 -4.26031592863
-1.88678244344 -4.25804908336
-1.79678871101 -4.25603578243
-1.71679734381 -4.25440986724
-1.64680340875 -4.25331838361
-1.5668136122 -4.25364345077
-1.50631969882 -4.25405173654
-1.44564840162 -4.25409142287
-1.39720120414 -4.25384472359
-1.33372866369 -4.25318943583
-1.25530463165 -4.25179633832
-1.20692975349 -4.2502620361
-1.15924685348 -4.24278338954
-1.13446457575 -4.23514220758
-1.10074156353 -4.21992274644
-1.06933771862 -4.19968602692
-1.05220538029 -4.18649255862
-1.0377714839 -4.17225257263
-1.0220159222 -4.15537879322
-1.00688805807 -4.13428727267
-0.986281159925 -4.09858058822
-0.977212955881 -4.07787452258
-0.959947021745 -4.03044281993
-0.951018913381 -3.99254056821
-0.945190507472 -3.96026814771
-0.941796796021 -3.92603258355
-0.939236525026 -3.88961570579
-0.939197138228 -3.8495753484
-0.939275575521 -3.82390203053
-0.941053733379 -3.76763615807
-0.944966149446 -3.71944022828
-0.94767485723 -3.68140377114
-0.950948932852 -3.64753085281
-0.953232610485 -3.62584076971
-0.959321466803 -3.56815597887
-0.966263875279 -3.50631047365
-0.973585013214 -3.44702689514
-0.979659857744 -3.39733767169
-0.985091195554 -3.34920029116
-0.991931063972 -3.27796346861
-0.99637099593 -3.21818157889
-0.999145044346 -3.16819192692
-1.0013406658 -3.10824510002
-1.00239435767 -3.04829514761
-1.00256465325 -2.99827238872
-1.00224613885 -2.94825575946
-1.00161143819 -2.8983837456
-1.00074835399 -2.84837455339
-1.00014000224 -2.81841213114
-0.998847878814 -2.75835368941
-0.998243929858 -2.72964635002
-0.99738088647 -2.68984450346
-0.996255059261 -2.63526275899
-0.995231502821 -2.58855246126
-0.993460032232 -2.52873476656
-0.992160171117 -2.48983357945
-0.990605247064 -2.43908006326
-0.989709627289 -2.39755650607
-0.989141308667 -2.36537046542
-0.988621798636 -2.32032843349
-0.988168158001 -2.26169146186
-0.98792775726 -2.20829304768
-0.987438752826 -2.16005270123
-0.985876219345 -2.13027703458
-0.979860072874 -2.08057232487
-0.974418079211 -2.05102845624
-0.960304835372 -1.99274844722
-0.94888467364 -1.95445151819
-0.929730258706 -1.8975630067
-0.912553306885 -1.85063835547
-0.894570358783 -1.80391106402
-0.872240711921 -1.74811259378
-0.853297178971 -1.70189530428
-0.834249666009 -1.65569321255
-0.81138985387 -1.60035985704
-0.792274447464 -1.55434574575
-0.769188525344 -1.49921053355
-0.749673957601 -1.45322210405
-0.729393839475 -1.40748060384
-0.70829083038 -1.36210200796
-0.681984479717 -1.30813152326
-0.659365100958 -1.26348874227
-0.63613419804 -1.21914704306
-0.607403394965 -1.1664171419
-0.577630239842 -1.11426308229
-0.546763059997 -1.06276806896
-0.509168444051 -1.00366788086
-0.470323983124 -0.947227836453
-0.433609667109 -0.897855337579
-0.389595087301 -0.843450929068
-0.356904559776 -0.805616361218
-0.316509144987 -0.761272154566
-0.275105734443 -0.717915716636
-0.232887895367 -0.675313870017
-0.19007634287 -0.633276886748
-0.154088557393 -0.598553232563
-0.103366058248 -0.550208267108
-0.0597629572979 -0.508978568984
-0.0245236586684 -0.475735363407
0.0103043155811 -0.442804001288
0.0445501326746 -0.410493374224
0.0923615532079 -0.36520142796
0.124670900473 -0.334633611903
0.164324248973 -0.296771822309
0.196357184959 -0.266165426126
0.221779556282 -0.241651724247
0.266666618963 -0.19832535563
0.29945038324 -0.166404985474
0.339643837425 -0.127155310731
0.400536563323 -0.067311091061
0.427459147857 -0.0407846636769
0.461861692078 -0.00683996094476
0.504977685992 0.0347278932269
0.549027694257 0.0754648157631
0.582376795833 0.10497388237
0.62064269971 0.139970780293
0.64932565993 0.1670318133
0.692616102964 0.209690947571
0.724932654229 0.242355703328
0.762389035124 0.281041148956
0.796273627059 0.316293750828
0.836777487842 0.358474001552
0.885297694615 0.409003228041
0.919951323235 0.445061908086
0.961549783519 0.48825619529
1.00323945365 0.531385067136
1.0521014429 0.581563843795
1.09412796902 0.624391017249
1.12925464566 0.659968542241
1.1715203396 0.702566731621
1.21392415388 0.745002770199
1.26358419982 0.794374447128
1.29914209917 0.829584863961
1.36326568588 0.892719293176
1.42762121894 0.955769673855
1.47055528517 0.997788974845
1.50631530268 1.03275847062
1.57072777186 1.09564958881
1.62083584677 1.14455790513
1.67812772708 1.20045963438
1.7139302264 1.23539109985
1.74976655457 1.27025290342
1.8119003015 1.32871970197
1.85440329098 1.36862118562
1.90449175384 1.41639174026
1.93736459286 1.44852135588
1.97051372127 1.48132318913
2.0270156419 1.53775087382
2.07477888717 1.58556924305
2.1371545936 1.64807352736
2.17245656729 1.68348222424
2.21485106293 1.72599266244
2.25014525461 1.76137324646
2.31376559459 1.82507793805
2.36325141135 1.87458843631
2.39867558371 1.90988680082
2.44839978544 1.95919967919
2.51247122534 2.02250309264
2.5694720818 2.07866621765
2.61430310108 2.1227803849
2.65991890165 2.1709609954
2.69501414845 2.2131666333
2.72445396243 2.25475451609
2.75839660151 2.31391978559
2.78079617897 2.36488781575
2.79586902571 2.4094244251
2.80559586048 2.44580988387
2.81355460719 2.48850496921
2.8208961721 2.54655014182
2.82272911306 2.58526885771
2.82371822043 2.63045165386
2.82280934278 2.67871085649
2.82093346499 2.73996141101
2.81784010001 2.78581613243
2.81390965521 2.84919235406
2.80949350262 2.90892410471
2.80579966544 2.95879022055
2.80228917897 3.00863708611
2.79922116346 3.05852538344
2.79627417644 3.11849496311
2.79454596886 3.16842792057
2.79344454246 3.21843455053
2.79296211813 3.2584137147
2.79281660687 3.30836556679
2.79317119796 3.3683454904
2.79367681423 3.40835619659
2.79503337211 3.45693703093
2.79704685339 3.49850304315
2.80051488636 3.5429825026
2.8058311552 3.60599751202
2.8086588728 3.64751415999
2.8105246764 3.68136873548
2.81280798711 3.73380454502
2.81393964683 3.7718363045
2.81476999401 3.818424671
2.81534523571 3.87264109715
2.8152137999 3.91955895745
2.81495053768 3.95927613783
2.81435991874 4.00549395168
2.81344102038 4.06330930504
2.81258538483 4.11327978399
2.81139636296 4.18329179655
2.81039174721 4.24325581396
2.80940799257 4.30331987659
2.8086404755 4.35328810004
2.80799624423 4.40328405944
2.80737456421 4.47328835937
2.80714378199 4.53325694839
2.80718305947 4.59325519295
2.80750065094 4.66324902542
2.80778509884 4.70327024984
2.80842040327 4.77330180126
2.80889899408 4.82328041971
2.80978418576 4.91332419122
2.81039615536 4.97332744758
2.8110285438 5.03334012927
2.81177286265 5.10334807192
2.81230932537 5.15335311845
2.81273527045 5.19333777694
2.81347534505 5.26320903368
2.8140018881 5.31315606507
2.81442568231 5.35315325962
2.81516107571 5.42291071036
2.81568156207 5.47271405725
2.81630150829 5.53237870223
2.81681929502 5.58218270046
2.81753683089 5.65181907623
2.8181497451 5.71144012455
2.81885125236 5.78037400358
2.81955709969 5.84972576822
2.82015334491 5.90849723015
2.8206453658 5.95777116778
2.82131082594 6.02585056181
2.82178478882 6.07512248447
2.82232138123 6.13277049614
2.82275772017 6.18126430872
2.82318262272 6.22925424938
2.82368823664 6.28831956917
2.82405775879 6.33640417228
2.82441413897 6.38468642399
2.82476781402 6.43328225997
2.82524710869 6.50143275138
2.82558474188 6.5504079718
2.82591500419 6.59926398665
2.82626721281 6.6535465127
2.82652638862 6.71001103477
2.82669623485 6.77472260481
2.82673651954 6.83215253437
2.82669355192 6.87922032695
2.82667816928 6.92542305945
2.82776740801 6.98537389919
2.82967900993 7.03544663881
2.83269955132 7.08195469751
2.83570929943 7.13243704453
2.83800646808 7.18600036068
2.8388078514 7.22602401951
2.83922004159 7.26973523515
2.83903051891 7.33561192809
2.83818841548 7.39412478897
2.83707450569 7.44402777957
2.83511664002 7.51506301851
2.83312132546 7.58504424555
2.83170068702 7.63500195398
